1
20 101
11 19
11 13
9 19
1 4
5 15
1 12
3 6
10 20
4 6
8 13
8 9
5 7
19 20
2 11
8 9
4 20
11 17
8 14
17 18
5 10
10 20
2 4
12 20
13 19
8 18
4 15
3 4
13 17
5 6
4 5
14 19
5 16
4 9
5 13
11 14
9 14
1 5
1 17
7 16
13 16
12 14
3 13
14 15
15 20
2 7
6 14
13 19
1 8
13 18
2 19
12 14
3 18
13 19
14 17
2 14
4 19
3 14
6 10
4 6
14 17
2 3
2 20
11 13
4 16
1 9
9 19
3 10
1 7
10 14
12 17
6 8
1 12
8 10
16 17
13 16
2 9
1 9
14 20
3 10
2 6
2 5
13 15
2 14
9 19
4 8
2 14
2 14
2 11
2 20
6 18
5 14
1 4
5 15
7 19
9 17
1 9
3 13
4 5
12 16
11 20
18 20