5
1 0
0
5 5
1 1
1 2
1 3
1 4
1 5
10 10
3 1 7 8
3 5 9 10
3 3 6 10
3 5 6 9
3 4 5 8
3 1 8 10
2 3 8
2 4 8
3 2 3 6
3 4 6 7
15 15
2 12 13
2 1 11
2 8 12
2 7 9
2 12 15
2 6 8
2 5 12
2 12 14
2 10 12
2 3 4
2 11 13
2 10 11
2 8 15
2 8 15
2 13 14
50 50
2 12 30
2 18 43
2 11 46
2 30 37
2 25 28
2 2 49
2 26 36
2 3 27
2 23 50
2 2 50
2 17 22
2 47 48
2 8 11
2 41 49
2 6 18
2 18 43
2 36 48
2 8 36
2 22 31
2 6 37
2 39 49
2 5 25
2 25 31
2 24 27
2 4 27
1 25
2 21 43
2 1 23
2 22 31
2 37 42
2 35 40
2 5 37
2 20 40
2 1 45
2 11 32
2 6 10
2 10 20
2 34 44
2 10 40
2 18 44
2 37 42
2 19 29
2 13 41
2 30 44
2 13 21
2 2 30
2 5 34
2 25 38
2 23 33
2 25 34