5
100 10 100000
2 51052
2 98443
2 66949
2 49783
2 34762
2 48009
2 66717
2 54681
2 45563
2 86013
2 74165
2 25782
2 36504
2 44958
2 96130
2 64622
2 89476
2 89573
2 95423
2 42344
2 99737
2 1470
2 18004
2 52036
2 75946
2 30790
2 37545
2 97469
2 35219
2 47198
2 36377
2 20936
2 96490
2 57312
2 26103
2 66149
2 13156
2 74410
2 95221
2 38912
2 69485
2 3850
2 24005
2 90430
2 64296
2 31541
2 55283
2 62804
2 13811
2 7949
2 43977
2 6373
2 85062
2 11508
2 53772
2 66789
2 96658
2 28976
2 20776
2 71911
2 99010
2 85804
2 59583
2 99350
2 12499
2 31278
2 44899
2 58406
2 82958
2 31526
2 35832
2 49861
2 32929
2 74946
2 12569
2 29827
2 49563
2 14490
2 65162
2 89266
2 9840
2 41754
2 23247
2 1509
2 47928
2 61550
2 42055
2 54327
2 8327
2 71403
2 52459
2 32734
2 15183
2 25069
2 32789
2 49820
2 67294
2 89582
2 74305
2 89955
8 2 9
1 2
1 6
1 7
1 8
1 9
2 2
2 3
2 4
6 2 100
1 1
1 2
1 3
2 2
2 3
2 4
6 1 100
1 1
1 2
1 3
2 2
2 3
2 4
99 99 1000000
2 996175
1 455803
1 106457
2 853751
2 350919
2 93554
1 370848
2 729954
2 208148
1 995614
2 266849
2 371154
1 182769
1 955896
1 953481
2 639955
1 481215
2 357189
1 960397
1 384241
1 940757
1 611567
1 73559
2 456762
1 425439
1 18079
1 259930
2 716839
2 545228
2 982075
2 367796
2 60587
1 400307
2 252461
1 590279
1 378630
1 69059
2 76316
2 711857
2 224041
2 856116
2 944737
1 971177
2 888292
2 895974
1 909431
2 968163
1 529298
2 568008
2 286496
2 419402
1 973155
1 320333
1 931978
1 723030
2 819983
2 922802
2 173244
1 232804
2 524303
1 873540
1 910819
1 860765
2 191697
1 668766
1 367308
1 128901
1 935999
1 912232
2 453139
1 72411
2 775086
1 788512
1 743317
2 460677
2 208368
2 253405
1 615001
2 646765
2 815352
1 405143
2 182679
2 982242
2 442221
1 891629
2 285833
2 141349
2 802125
1 881828
1 933439
2 887020
2 604946
1 83518
1 290272
1 780978
1 653588
2 524950
1 501947
2 91116
