2
3 4
1 1
1 3
2 2
3 2
5 16
1 1
1 2
1 3
1 4
1 5
2 1
2 5
3 1
3 5
4 1
4 5
5 1
5 2
5 3
5 4
5 5
5 12
1 2
2 2
2 3
2 4
2 5
3 2
3 4
4 1
4 2
4 3
4 4
5 4
7 32
1 1
1 2
1 3
1 4
1 5
1 6
1 7
2 1
2 7
3 1
3 3
3 4
3 5
3 7
4 1
4 3
4 5
4 7
5 1
5 3
5 4
5 5
5 7
6 1
6 7
7 1
7 2
7 3
7 4
7 5
7 6
7 7
30 172
2 11
3 3
3 9
3 10
3 11
3 12
3 13
3 14
3 15
3 16
3 17
3 18
3 19
3 20
3 21
3 22
4 3
4 11
4 19
5 3
5 11
5 19
6 3
6 11
6 19
7 3
7 11
7 19
7 24
8 3
8 4
8 5
8 6
8 7
8 8
8 9
8 10
8 11
8 12
8 13
8 14
8 15
8 16
8 17
8 18
8 19
8 24
9 3
9 11
9 19
9 21
9 22
9 23
9 24
9 25
9 26
9 27
10 3
10 11
10 19
10 24
11 3
11 11
11 19
11 24
12 3
12 11
12 19
12 24
13 3
13 11
13 15
13 16
13 17
13 18
13 19
13 24
13 25
13 26
13 27
13 28
13 29
14 3
14 11
14 19
14 29
15 11
15 19
15 29
16 19
16 29
17 19
17 29
18 9
18 10
18 11
18 12
18 13
18 14
18 15
18 16
18 17
18 18
18 19
18 20
18 21
18 22
18 23
18 24
18 25
18 29
19 9
19 29
20 9
20 29
21 6
21 7
21 8
21 9
21 10
21 11
21 12
21 29
22 9
23 9
23 19
24 4
24 9
24 19
25 4
25 9
25 19
26 3
26 4
26 5
26 6
26 7
26 8
26 9
26 10
26 11
26 12
26 13
26 14
26 18
26 19
26 20
26 27
26 28
26 29
26 30
27 4
27 9
27 19
27 27
28 4
28 9
28 27
29 27
30 15
30 16
30 17
30 18
30 19
30 20
30 21
30 22
30 23
30 24
30 25
30 26
30 27
