7

3 5
3 2 x
2 1 x
2 1 5
1 3 10
3 1 20
6
1 2
2 3
3 1
2 1
3 2
1 3

4 4 
1 2 x
2 3 x
3 4 x
1 4 8
3
2 1
1 3
1 4

30 61
16 18 x
4 27 x
17 6 49
4 27 47
15 29 46
29 12 50
27 2 x
13 1 49
17 6 x
2 7 x
3 8 x
2 27 x
24 13 48
14 3 x
24 13 x
6 30 49
6 30 x
11 25 x
19 17 50
5 4 x
8 19 47
26 23 48
21 22 48
18 21 48
3 8 48
23 28 48
22 11 48
12 26 46
1 14 50
25 20 x
9 24 x
9 24 45
15 29 x
14 3 48
5 4 47
10 5 x
1 14 x
22 11 x
27 2 49
29 12 x
8 19 x
28 16 x
11 25 47
21 22 x
18 21 x
30 15 x
2 7 50
20 10 45
10 5 49
20 10 x
16 18 47
25 20 47
19 17 x
12 26 x
23 28 x
7 9 50
26 23 x
30 15 47
28 16 46
13 1 x
7 9 x
10
9 20
27 4
20 21
14 21
17 14
27 2
2 5
7 10
4 27
2 27
30 110
16 4 28
14 18 15
23 24 27
20 16 x
3 20 x
15 21 39
2 29 39
26 25 43
30 6 39
18 20 24
30 6 7
24 26 44
11 7 13
22 21 30
15 19 x
21 1 50
19 14 11
29 8 28
5 7 24
13 5 33
23 26 25
2 4 17
14 2 x
26 9 9
28 6 42
30 17 48
8 2 39
5 13 6
20 14 42
6 28 43
8 1 x
13 10 15
5 13 38
2 8 5
30 17 33
21 15 30
13 11 21
12 30 x
6 29 x
14 18 28
22 2 x
14 18 23
5 7 27
14 12 45
28 16 x
1 12 x
20 19 34
20 14 3
27 30 24
16 29 36
17 30 9
1 22 50
8 2 7
28 6 24
1 21 26
9 26 28
1 15 21
15 22 16
6 14 x
17 6 24
29 2 23
18 19 14
23 25 39
20 14 38
25 26 38
6 17 38
27 17 7
4 2 8
15 3 38
16 30 x
20 12 33
13 11 17
4 16 30
13 5 6
24 25 42
18 4 x
11 10 5
24 25 40
5 11 32
5 13 49
3 22 38
4 2 26
10 7 44
4 29 29
3 15 47
9 23 24
17 21 x
24 9 16
18 6 x
1 15 23
5 11 7
16 4 3
9 26 39
20 12 18
21 16 x
28 29 x
3 1 24
15 17 x
3 21 13
23 26 14
14 19 28
22 6 x
29 4 9
20 14 30
30 28 27
28 12 x
21 22 23
30 17 19
27 17 25
24 9 49
10
25 30
17 2
28 19
26 20
28 26
15 23
7 17
24 20
19 21
21 30
30 156
25 22 x
25 14 44
28 24 46
22 17 46
27 28 41
9 17 46
9 28 49
3 14 x
23 22 x
29 12 45
19 25 42
20 30 47
30 2 43
3 6 46
16 5 41
20 27 40
21 13 46
8 15 48
11 3 40
25 4 x
14 21 48
23 30 42
16 11 46
9 29 41
28 12 48
1 7 48
30 29 40
4 21 x
2 27 x
24 19 40
1 10 40
27 13 42
23 21 42
19 7 44
22 2 41
11 7 46
13 8 x
2 26 x
29 16 48
24 15 48
4 9 40
11 25 49
21 28 44
17 16 47
18 20 41
2 12 47
30 17 49
15 7 40
26 5 48
16 1 43
6 27 47
5 25 46
14 22 x
29 8 43
11 10 46
15 25 x
21 2 x
6 9 47
26 19 44
3 4 x
22 29 x
23 9 42
19 10 43
13 16 47
27 2 44
19 3 x
7 14 45
15 18 x
13 26 43
17 24 42
5 3 x
1 18 42
30 13 48
10 4 46
30 3 x
14 27 47
13 12 41
21 29 43
10 14 43
1 17 25
10 6 45
7 4 48
20 9 43
15 3 49
28 8 44
4 30 47
17 8 48
22 28 x
20 21 x
30 28 46
29 24 48
25 6 45
17 12 47
3 20 48
7 20 x
20 22 41
17 26 49
29 26 47
7 23 49
16 19 48
9 2 49
3 23 46
28 16 x
12 5 45
11 18 44
6 21 47
15 10 41
16 15 45
26 15 49
25 23 49
18 23 43
8 5 46
5 18 43
5 10 44
12 15 x
6 30 48
23 27 48
27 17 46
9 13 42
2 16 44
18 6 49
7 6 45
18 4 x
18 14 x
2 8 x
1 25 42
12 1 45
21 17 49
12 11 x
1 3 45
12 19 x
8 11 48
2 24 x
25 20 x
8 1 49
24 5 49
4 27 43
4 22 45
26 11 41
14 9 45
13 24 40
6 22 43
26 1 40
24 11 40
14 30 40
10 23 46
27 29 45
4 25 x
26 5 x
22 13 42
28 26 x
24 1 x
10 20 x
8 19 42
5 7 41
19 18 40
10
8 16
18 14
13 11
22 16
8 25
29 4
6 12
8 13
17 6
15 11
30 300
20 19 19
2 5 37
16 3 47
18 13 50
29 26 46
20 11 48
29 21 48
7 9 32
30 24 49
20 17 49
5 3 50
16 1 49
17 14 49
5 29 50
1 13 50
25 8 x
1 28 37
14 5 49
4 2 44
15 28 48
2 27 50
6 15 50
30 13 47
2 11 48
9 1 43
9 19 x
22 1 50
14 27 49
28 20 39
8 3 50
12 26 49
26 20 45
25 4 31
27 26 x
11 15 37
8 22 44
5 3 50
26 23 50
26 18 43
13 21 50
23 10 24
2 25 49
5 30 48
5 20 x
29 28 17
16 30 27
25 28 23
25 12 49
6 9 48
3 4 42
29 3 36
1 15 x
18 19 11
12 25 36
8 4 47
20 4 35
20 3 x
26 23 46
8 24 45
5 9 49
30 6 42
26 4 x
3 21 50
14 10 50
23 27 32
1 11 49
3 4 47
22 28 49
19 12 47
15 16 50
2 10 50
7 1 x
21 14 8
13 16 50
3 23 47
25 14 41
9 15 40
12 5 50
16 12 49
22 9 45
13 10 47
1 16 36
21 20 x
6 8 50
5 19 34
4 11 40
5 6 49
25 18 47
19 2 47
10 19 49
11 30 x
22 8 45
30 21 50
7 6 6
25 12 40
22 13 49
25 1 x
7 12 50
26 21 48
17 21 45
16 25 45
24 20 47
19 15 35
26 30 50
15 2 x
28 24 35
22 7 49
4 5 40
13 19 x
14 30 41
9 15 28
11 29 49
30 21 32
3 19 49
16 29 50
7 4 49
13 1 50
18 24 50
16 10 44
29 11 50
15 14 47
2 14 50
21 13 49
13 20 14
18 29 49
29 25 47
4 8 44
3 29 x
27 23 49
17 4 47
6 30 50
29 19 48
29 2 50
30 13 46
17 12 5
15 10 33
21 26 47
23 25 47
22 9 49
3 10 50
27 30 49
14 4 47
21 11 42
22 9 33
1 23 x
25 4 x
1 17 23
19 30 35
11 14 49
25 3 17
19 16 38
20 6 49
5 27 40
24 30 x
25 23 49
18 1 44
16 4 41
27 9 50
22 25 35
28 22 41
8 6 50
3 28 50
27 22 38
17 7 45
10 13 46
22 9 30
23 10 48
30 21 x
23 8 39
4 13 49
20 28 48
17 2 48
17 3 46
24 2 48
10 11 49
19 28 36
9 5 44
13 8 49
24 5 48
3 6 45
24 30 33
18 28 44
5 20 50
29 15 46
6 14 43
19 9 49
16 18 50
20 18 x
10 14 45
27 18 48
25 13 48
7 19 50
29 23 x
2 4 50
25 16 49
11 6 45
19 18 50
7 22 50
21 6 16
24 25 44
23 13 x
19 6 45
23 19 42
21 20 42
19 10 50
11 7 36
9 23 45
3 20 47
27 8 46
22 24 40
11 16 50
26 8 45
28 15 50
24 6 41
22 28 x
15 24 50
19 10 45
13 9 48
29 30 35
29 6 39
8 13 31
19 28 x
2 6 45
21 2 49
26 28 43
22 30 35
4 10 39
30 25 42
8 28 49
25 7 19
21 30 46
1 3 46
21 23 49
5 23 50
2 1 49
20 17 49
10 6 x
9 16 48
22 19 50
15 21 50
21 1 45
10 26 39
15 29 46
15 24 48
24 2 48
30 2 45
10 8 x
11 10 26
4 15 49
27 17 49
4 14 50
25 3 50
7 18 44
7 2 37
10 18 49
30 23 50
12 21 33
28 30 48
15 1 47
23 19 48
16 15 47
16 25 50
18 30 50
1 25 48
21 9 36
28 16 50
12 5 48
26 9 33
16 3 50
25 8 47
24 13 47
19 24 50
26 14 43
22 7 49
30 25 50
21 13 28
10 8 46
25 15 15
4 16 32
14 6 49
4 13 50
8 14 50
27 19 50
21 24 50
26 7 39
19 14 46
20 2 42
14 4 33
22 1 40
7 23 x
8 10 47
5 30 24
27 1 43
25 5 38
14 27 x
20 23 40
18 6 35
5 21 49
24 16 37
26 27 50
10
5 28
24 17
26 14
20 30
8 21
27 15
20 7
21 25
8 27
7 1
30 192
16 23 x
16 22 38
17 15 36
2 16 30
12 3 36
12 11 47
18 3 x
22 29 31
14 15 x
8 1 x
15 2 x
10 19 x
26 8 x
17 14 x
15 7 x
23 25 43
14 27 35
29 12 x
25 10 39
3 20 43
17 26 x
26 8 x
7 23 x
21 29 49
1 7 40
20 28 49
29 12 38
7 16 x
27 16 x
9 30 42
5 26 37
2 16 41
22 10 x
12 20 x
4 28 49
5 26 50
20 4 43
16 22 40
21 22 41
10 3 36
13 21 x
30 24 39
19 11 x
4 24 47
10 19 33
29 10 39
23 18 50
30 24 x
25 29 x
28 24 x
14 8 50
7 16 x
6 14 48
4 28 30
17 8 x
28 9 33
27 13 x
11 4 30
4 9 50
22 29 x
6 17 x
28 9 50
21 25 49
7 16 50
2 21 x
22 12 49
3 11 45
1 2 x
14 15 49
20 28 32
21 22 x
18 12 31
9 24 x
14 15 x
7 23 x
29 3 x
2 16 x
12 20 x
25 29 x
17 15 x
23 18 48
27 2 32
30 24 48
5 14 x
10 11 x
29 12 x
25 22 50
8 7 50
10 11 x
14 27 x
15 1 x
17 14 x
6 8 35
7 23 x
6 26 43
7 13 x
2 23 x
15 2 42
22 29 30
29 10 34
30 24 48
25 18 x
5 6 33
26 15 x
22 10 x
17 15 39
14 1 30
22 10 x
27 7 x
2 13 36
15 1 x
23 21 41
15 27 x
18 29 35
16 22 x
10 12 x
7 13 43
13 21 45
19 4 40
30 24 31
13 21 x
25 10 46
10 3 x
26 15 x
6 14 37
15 2 x
18 3 45
23 22 39
1 7 x
5 6 46
28 30 35
8 1 x
23 22 x
12 20 x
16 23 30
10 19 x
15 7 50
27 13 x
7 13 x
26 1 x
13 21 x
5 6 x
6 17 39
1 27 34
20 28 x
12 3 x
4 28 x
13 21 47
12 20 47
22 29 x
14 15 43
11 28 47
14 27 x
29 19 x
13 25 x
20 9 32
4 9 34
12 19 x
11 4 x
17 8 30
13 25 41
3 19 45
23 25 x
6 26 x
22 18 35
4 24 34
20 30 x
4 28 x
8 1 x
18 10 44
7 13 x
21 18 x
1 2 38
15 1 38
25 18 x
11 4 38
8 4 x
6 26 x
29 10 33
22 29 x
13 16 37
22 10 45
7 2 49
19 28 x
8 27 x
1 27 31
15 7 x
23 18 50
20 4 x
16 23 x
12 19 x
15 7 37
10
6 24
14 24
7 24
15 24
5 24
1 24
1 25
8 24
27 24
17 24
