1
50
77 5 96 88 75 26 35 89 92 34 71 12 31 55 68 40 18 59 1 42 18 89 85 82 39 77 75 25 89 91 42 37 97 38 61 97 32 76 71 18 69 88 50 99 65 38 17 71 88 58 
59 32 21 88 98 78 14 63 41 17 70 56 1 24 59 41 70 42 23 1 28 26 93 23 84 31 56 67 53 32 76 56 26 62 99 78 29 29 26 61 4 91 52 99 4 5 31 63 71 2 
34 43 15 55 77 91 71 44 91 34 28 63 97 35 36 6 68 96 65 33 45 16 34 62 74 19 66 92 36 59 57 90 19 64 30 56 22 55 18 70 63 18 54 16 16 90 7 82 84 2 
23 33 64 7 46 13 14 45 63 81 51 58 31 48 67 84 8 97 45 47 46 9 36 59 8 27 22 19 67 96 74 43 78 89 95 91 33 58 86 29 67 44 40 63 78 57 74 48 70 30 
85 81 53 25 6 54 57 12 85 63 18 94 31 92 38 9 2 96 98 80 8 9 79 77 19 51 57 57 100 60 38 55 1 34 14 14 76 91 34 3 65 1 78 19 87 80 67 85 72 25 
21 54 30 56 26 52 56 5 8 25 80 75 23 20 4 1 17 73 16 45 61 53 8 22 74 43 78 96 30 57 42 23 99 30 76 88 32 26 74 87 79 35 51 45 38 89 91 12 95 28 
36 53 60 88 12 89 15 74 40 84 82 81 4 73 67 51 40 22 82 37 15 90 35 24 17 12 49 78 82 3 59 9 77 6 47 25 30 35 48 52 80 47 40 93 2 68 41 57 48 61 
19 74 73 92 47 1 54 37 59 47 13 87 29 6 23 89 64 57 34 71 37 81 12 9 51 49 100 7 17 60 70 65 51 74 97 37 67 69 10 11 25 77 44 52 6 77 90 6 49 31 
48 50 22 65 14 23 55 86 50 31 100 1 72 88 15 88 22 80 92 63 64 12 37 26 14 89 69 81 97 56 2 70 84 60 56 72 3 97 88 18 19 51 41 18 27 40 74 83 70 50 
60 21 70 8 10 35 24 67 6 5 69 28 49 20 73 32 2 6 99 26 15 15 68 56 69 16 42 85 52 45 47 47 62 42 14 28 56 1 91 25 86 7 98 97 80 72 65 75 100 100 
25 35 59 59 37 42 90 35 63 16 2 73 14 82 23 26 57 56 48 26 48 48 87 38 16 36 46 97 98 32 71 52 42 36 8 16 26 76 22 12 36 12 7 47 87 35 89 40 91 99 
85 36 22 23 36 54 87 4 60 53 29 92 46 64 79 31 43 64 14 3 97 13 14 15 7 30 98 67 11 82 47 90 63 34 88 15 98 71 47 50 93 11 1 14 1 62 34 51 7 37 
7 70 53 44 85 18 6 36 67 42 22 15 95 52 74 75 73 60 23 73 3 17 13 59 12 35 89 80 43 10 4 10 91 38 12 67 5 75 73 28 1 63 97 36 37 30 35 97 62 1 
66 12 28 2 84 33 12 63 9 12 12 85 34 11 79 2 70 52 2 30 99 83 94 11 92 71 46 95 26 83 23 59 68 36 70 29 31 17 2 45 5 52 83 75 90 51 63 3 69 30 
3 51 41 91 92 37 71 49 34 76 89 69 12 25 39 25 77 77 5 80 74 41 98 27 2 37 95 88 27 53 63 28 13 29 46 29 91 70 47 62 12 57 26 71 68 32 41 28 1 83 
55 36 36 81 23 29 15 50 66 65 70 71 19 80 64 80 94 89 81 78 7 3 66 49 100 21 57 87 46 55 93 74 55 86 16 66 88 49 7 87 46 70 49 86 78 45 32 9 25 76 
1 100 19 62 14 49 40 67 57 71 100 51 82 35 43 42 65 47 86 45 33 43 43 76 40 97 95 19 93 16 72 80 6 52 96 60 77 16 64 73 5 40 65 61 60 9 51 37 16 6 
47 4 19 35 25 37 67 81 38 94 90 52 98 70 77 60 25 22 51 31 22 51 53 53 81 92 91 29 38 81 25 3 22 50 55 75 21 90 14 85 15 62 40 30 27 35 46 49 42 35 
96 65 90 30 8 82 62 87 43 18 23 36 68 39 96 4 42 30 22 55 81 2 51 47 63 85 44 10 97 62 28 50 43 47 39 84 100 37 38 88 19 90 93 45 73 90 75 48 12 89 
80 1 87 59 45 6 47 10 96 78 1 72 38 89 62 97 37 42 7 67 49 98 61 82 89 67 51 35 70 3 1 67 76 10 73 29 78 29 16 88 91 41 16 34 76 67 59 58 76 13 
98 99 77 56 75 92 53 76 7 31 73 85 16 37 17 16 99 24 4 1 65 60 66 14 20 6 55 36 39 30 81 51 57 31 20 100 78 4 17 31 94 73 53 79 35 62 7 33 45 95 
93 79 60 58 51 28 42 56 1 43 50 6 67 98 92 99 85 1 49 61 75 4 17 34 93 99 68 63 79 59 10 35 57 13 67 69 41 65 34 89 85 38 3 2 82 9 62 20 25 91 
78 64 85 15 71 21 17 59 32 48 92 41 48 11 22 89 91 73 21 20 99 21 52 68 52 21 98 87 12 14 35 74 51 73 66 36 71 23 30 5 47 20 98 38 65 64 22 89 72 40 
73 73 27 7 32 46 15 96 84 18 11 8 23 82 29 99 63 19 48 27 47 51 32 72 82 32 18 41 41 31 21 63 76 48 60 44 28 14 17 47 4 73 40 2 77 79 72 50 50 100 
23 39 28 71 17 51 87 46 87 99 33 61 52 61 35 58 63 32 56 17 18 17 48 68 42 74 30 66 80 23 97 63 100 92 78 79 60 98 85 24 4 34 40 29 47 8 48 25 16 49 
9 67 13 42 2 71 72 73 21 37 53 38 36 72 75 4 48 82 94 76 76 90 52 81 41 46 27 36 45 26 90 14 62 69 72 15 81 62 77 90 74 21 30 38 58 80 91 63 30 88 
87 42 89 16 72 85 97 24 48 70 82 49 75 17 96 33 61 52 62 41 54 55 86 15 52 60 15 81 14 96 32 5 43 71 47 94 88 97 79 7 1 22 41 67 77 59 73 96 53 60 
11 20 55 72 68 9 31 28 91 56 30 40 39 37 69 100 35 92 44 42 3 39 52 95 4 34 93 43 67 67 60 36 66 96 84 54 76 33 79 25 95 2 44 39 10 56 11 57 63 67 
4 19 97 28 63 86 43 88 71 85 30 81 58 4 83 79 65 21 43 41 48 91 98 61 80 40 90 66 47 57 42 85 52 1 66 82 71 46 28 11 79 71 24 73 30 74 85 30 41 100 
48 27 57 91 32 95 49 3 94 3 62 41 73 99 59 3 29 73 16 84 21 9 4 63 55 49 62 49 20 26 77 24 11 78 32 13 26 79 17 94 86 3 75 8 86 10 14 10 47 42 
70 35 82 29 88 29 78 8 40 91 68 25 90 100 37 18 63 100 35 36 34 82 42 99 44 47 72 100 61 54 26 59 12 88 29 39 25 46 90 50 25 49 34 33 81 45 69 98 15 25 
43 44 5 49 47 89 95 69 19 67 96 34 52 93 59 59 44 50 28 98 66 75 8 30 85 40 9 14 99 72 87 11 94 22 86 83 32 75 89 79 75 94 70 95 89 49 60 19 70 64 
33 72 58 46 91 3 17 52 49 72 95 27 81 11 97 42 21 76 41 51 94 5 49 40 85 84 75 25 1 96 12 24 91 68 98 30 4 55 86 56 96 87 38 79 71 32 19 92 5 31 
27 83 78 30 13 87 63 30 100 59 42 80 33 58 76 60 63 52 21 99 13 87 67 38 87 13 30 7 57 8 92 20 21 97 13 30 65 94 13 60 60 14 9 44 61 46 82 89 8 9 
80 6 42 67 98 10 11 75 6 56 34 42 48 64 35 23 42 71 67 73 99 47 61 21 32 59 84 45 22 46 66 61 58 5 15 27 77 94 56 46 79 94 2 94 98 83 90 20 42 10 
6 80 33 7 61 14 12 15 87 65 60 21 11 36 2 48 2 19 11 59 53 42 1 58 77 49 82 8 52 80 62 26 67 59 86 55 55 52 17 60 13 63 84 50 70 91 62 42 66 75 
98 76 35 8 27 7 100 69 31 12 100 94 19 25 93 30 11 88 56 99 55 3 2 11 65 74 40 48 24 87 67 75 16 94 20 54 14 94 42 3 95 38 55 20 68 35 60 69 84 73 
83 83 2 40 23 34 28 9 67 1 77 77 26 52 2 1 67 58 59 62 67 84 72 7 87 13 68 41 100 28 65 19 4 28 1 90 71 34 54 78 42 68 81 21 90 48 44 92 48 94 
55 8 36 86 55 11 39 29 78 87 10 11 70 41 95 94 6 34 2 65 4 78 97 39 32 94 4 92 13 35 16 40 5 92 36 39 48 17 36 21 95 72 81 39 31 96 13 5 31 71 
69 29 33 44 80 32 93 58 6 96 39 44 61 34 80 93 51 21 82 33 80 7 19 21 65 46 3 47 25 85 33 30 51 12 12 57 48 1 33 65 95 53 68 100 62 50 51 15 90 22 
3 8 17 40 22 49 43 14 91 99 44 90 3 58 92 45 96 68 5 97 93 60 32 69 33 62 64 91 63 56 60 53 13 30 7 4 75 29 90 45 91 64 24 73 71 32 93 79 30 2 
97 36 79 75 74 70 22 27 33 65 96 65 93 34 33 62 85 16 56 88 74 53 47 93 36 88 67 16 53 12 46 27 82 34 35 37 70 26 7 70 76 4 66 21 53 41 35 41 31 22 
11 15 96 100 26 47 25 21 92 97 96 91 28 50 31 71 43 59 68 63 47 69 78 12 24 58 97 93 15 78 5 72 21 54 15 36 50 57 17 90 50 56 78 12 44 84 25 63 53 16 
6 16 55 12 70 57 27 32 40 28 84 58 44 44 6 72 83 88 21 100 78 45 49 60 48 19 85 52 91 54 87 69 86 5 32 61 92 3 68 60 99 34 43 41 99 84 53 93 85 100 
100 23 27 36 64 6 49 8 28 83 33 24 67 41 39 97 27 49 32 18 41 14 13 77 13 90 26 71 24 3 64 63 99 47 85 77 45 77 54 87 69 12 67 81 53 41 90 46 15 19 
87 66 10 89 18 42 64 46 33 12 45 39 92 91 50 36 58 83 6 14 94 49 56 84 54 37 11 73 90 51 19 88 68 44 45 73 10 29 24 92 37 53 49 100 69 71 4 93 62 66 
36 84 65 100 61 50 33 33 72 28 87 60 50 79 27 46 84 12 50 18 71 13 97 33 36 72 92 11 98 95 55 6 23 76 23 97 3 35 20 75 71 23 57 6 9 90 65 1 69 71 
25 78 71 4 54 92 9 35 48 68 60 93 43 10 59 70 85 13 60 71 44 5 49 65 5 67 44 25 25 70 42 45 47 83 10 38 91 70 14 90 22 76 98 80 41 92 7 37 98 2 
58 97 12 93 82 51 62 40 63 97 63 43 83 48 29 67 58 86 72 71 89 65 28 60 12 19 78 92 100 6 2 34 14 94 8 77 81 36 89 69 86 26 12 82 14 88 42 4 7 37 
1 67 51 75 72 52 18 19 92 84 6 28 66 27 95 81 97 27 64 1 4 83 92 3 15 74 18 62 50 56 3 79 67 58 84 28 26 41 51 59 1 9 65 12 53 51 23 55 50 13 
