5
5
1 2
2 4
1 3
3 1
4 3
25
1 3
1 5
1 7
2 1
2 7
3 8
3 9
3 10
4 7
5 1
6 4
6 7
7 10
7 11
8 1
8 4
8 5
8 10
9 10
10 1
10 2
10 6
10 8
10 9
11 3
89
18 12
4 18
16 7
8 1
3 12
13 12
5 13
4 19
5 8
12 14
19 10
17 19
2 1
3 16
9 10
3 5
6 19
1 15
6 15
8 11
8 12
11 14
1 4
9 1
14 6
8 4
13 17
15 14
6 18
19 12
18 11
7 14
6 4
8 17
18 9
1 7
10 16
14 10
13 2
15 7
1 6
19 7
12 6
6 3
12 7
13 3
3 7
4 10
19 5
16 8
6 16
16 18
3 4
17 4
11 13
15 17
19 8
4 12
11 7
5 9
14 9
19 14
19 15
3 17
9 11
8 3
15 5
11 6
4 5
15 3
19 3
2 10
6 5
7 6
2 17
19 18
13 14
6 17
19 1
11 5
13 18
17 1
7 8
17 14
14 18
14 5
18 17
8 10
8 13
406
18 31
21 7
18 32
37 21
20 21
4 29
3 6
1 28
25 5
1 2
9 39
8 24
16 32
39 37
24 17
29 1
18 10
9 36
2 7
18 23
29 22
13 33
29 14
21 15
20 23
18 30
22 26
14 39
18 13
37 3
31 26
5 10
36 14
6 39
22 24
22 11
7 36
4 37
10 26
12 31
9 30
21 32
17 36
31 36
10 28
39 2
14 4
12 11
10 1
3 33
29 17
3 21
31 13
11 13
6 29
9 37
25 20
26 24
22 1
29 35
12 8
14 22
9 18
15 22
29 5
5 3
20 37
17 32
10 23
21 6
1 8
31 23
9 20
18 22
28 32
5 38
11 21
26 20
39 31
24 20
29 2
12 39
26 33
20 7
12 24
17 13
39 28
34 20
29 20
12 26
9 1
29 21
1 15
23 16
4 39
8 9
22 10
6 22
2 27
21 4
16 33
31 25
35 20
7 37
35 22
19 18
38 23
18 6
27 26
37 10
32 36
4 35
39 1
20 30
26 15
11 34
13 6
25 15
16 3
21 9
7 9
36 4
19 33
8 11
30 13
7 14
15 19
37 2
35 8
36 8
15 13
28 18
4 10
27 12
19 24
17 39
18 26
10 8
39 18
22 39
24 38
19 22
31 37
24 7
10 25
8 38
3 13
9 31
25 28
15 3
27 33
29 38
16 24
23 9
21 8
23 32
34 31
31 38
29 31
34 17
39 24
16 1
14 33
25 4
35 9
13 19
33 38
36 15
7 19
7 1
11 39
39 29
8 29
35 3
6 34
27 23
35 2
16 21
6 11
31 24
39 25
8 7
27 19
6 27
36 6
17 5
35 12
8 2
25 3
38 2
14 16
25 6
34 39
7 16
22 13
4 19
19 21
24 15
34 32
18 2
28 4
5 26
6 31
7 17
27 7
21 22
7 11
24 14
28 7
26 8
14 10
23 8
3 2
11 31
6 17
18 12
34 15
28 21
3 30
4 9
33 24
24 36
26 36
5 21
37 6
16 25
6 10
32 8
24 25
32 9
12 19
1 35
17 38
1 38
24 28
16 38
3 23
31 1
19 16
27 11
26 9
31 32
20 3
11 38
21 12
11 35
37 29
18 29
12 29
32 4
30 11
21 17
23 7
27 14
39 7
17 11
5 39
23 39
38 34
34 36
24 11
27 16
16 18
28 37
5 23
26 4
30 4
3 39
34 30
37 18
39 16
21 38
15 6
9 3
23 17
23 28
33 31
14 9
28 17
19 2
15 17
21 14
34 3
12 9
9 22
12 32
8 33
3 32
20 11
37 14
3 11
29 32
16 9
35 31
26 16
5 20
20 18
30 29
36 25
12 22
19 10
36 22
27 4
34 7
16 15
1 18
23 14
16 29
36 13
2 21
25 9
17 27
35 34
28 36
9 13
2 26
15 4
14 12
18 17
33 20
38 7
1 34
1 4
31 2
26 19
39 35
32 1
22 5
10 34
12 3
9 19
34 21
15 7
1 6
10 30
25 34
16 20
1 23
31 8
23 13
1 26
13 27
8 27
24 29
36 1
10 13
28 29
29 11
17 25
8 20
33 15
4 7
26 35
8 30
36 33
16 13
35 23
38 3
14 19
20 10
13 14
33 35
8 15
3 28
11 33
36 21
15 11
19 28
19 1
20 14
33 4
25 18
28 13
17 19
19 35
3 22
30 21
32 27
33 32
20 38
27 37
33 22
8 25
28 27
35 21
12 2
30 1
38 32
5 13
21 33
7 10
3 19
25 1
3 17
13 25
24 27
4 24
4 2
34 26
2 25
15 30
5 19
11 1
10 35
29 15
1 24
484
13 45
16 39
15 6
48 30
3 10
12 16
15 16
20 22
42 3
44 20
12 4
37 38
16 22
23 11
12 35
12 26
31 29
16 46
36 14
27 39
25 39
6 40
6 26
13 49
30 8
19 43
12 7
32 29
30 5
40 42
40 3
19 21
32 35
8 25
35 14
16 41
41 29
40 21
37 10
15 49
17 47
29 47
2 19
40 43
23 10
14 5
45 33
24 46
28 32
21 13
47 37
5 38
17 45
10 4
6 25
4 23
22 33
21 25
3 12
18 26
32 18
16 6
14 45
39 35
8 37
23 14
25 40
10 36
44 16
11 49
40 34
32 11
9 36
23 28
12 46
11 45
14 27
2 28
22 41
14 31
28 37
45 4
27 6
40 22
22 2
21 12
37 4
40 48
25 3
44 36
48 9
37 36
42 1
18 21
38 14
25 16
20 16
38 43
19 10
3 4
29 28
8 24
14 6
34 28
7 21
23 34
20 12
48 46
28 19
13 17
12 32
27 19
38 41
46 30
20 4
4 35
11 38
14 18
10 30
18 33
35 24
33 48
41 46
30 18
15 19
10 15
11 6
45 32
18 22
39 33
13 9
48 29
42 33
4 25
31 45
22 12
13 37
32 24
3 43
30 49
26 41
49 45
14 39
28 5
40 41
15 24
20 13
47 8
37 29
41 17
47 24
17 22
39 29
39 17
35 30
4 29
14 8
41 11
17 29
41 21
7 30
38 25
3 38
19 18
38 9
47 28
27 32
8 36
33 12
16 47
21 8
8 38
37 49
9 27
32 48
15 39
29 3
14 33
42 34
1 30
43 48
9 20
31 17
7 14
30 23
11 2
31 20
40 19
47 3
49 12
43 28
16 8
12 8
42 13
39 36
12 48
7 44
16 14
37 20
41 35
14 40
47 7
19 14
16 31
22 8
44 12
45 7
10 2
1 27
16 10
30 25
23 21
32 7
48 45
5 17
9 21
49 32
30 44
44 25
1 5
27 3
33 44
13 8
49 43
34 22
15 1
34 48
9 32
28 1
22 24
20 3
29 20
20 7
23 3
1 36
23 45
43 6
41 39
40 39
14 28
16 33
43 46
3 13
17 4
13 29
5 44
26 29
39 24
37 33
30 28
22 45
48 13
35 6
26 49
35 43
33 28
40 37
42 43
14 9
39 3
22 15
39 20
45 20
49 18
32 1
4 9
1 40
2 34
18 42
21 11
21 34
14 10
26 20
49 16
40 45
14 2
37 46
4 42
32 8
1 12
12 37
44 9
36 20
46 23
9 10
26 47
40 12
36 22
21 27
23 22
10 38
20 32
1 14
41 2
35 21
3 22
41 49
46 1
10 22
31 40
17 35
45 42
18 46
7 10
31 2
24 13
31 37
28 24
15 45
10 40
2 32
25 45
5 43
26 36
46 42
9 49
4 33
12 38
6 4
44 22
12 2
37 39
34 44
45 39
38 22
26 34
34 18
19 46
7 26
41 34
46 32
22 42
46 6
37 41
46 25
13 22
10 28
8 44
41 4
4 32
39 1
18 39
33 11
23 6
3 19
12 41
11 9
31 27
18 13
5 23
46 45
25 27
23 18
28 42
3 31
18 7
40 15
37 22
42 41
12 15
42 30
28 48
43 29
3 17
48 31
9 6
43 12
34 39
5 26
41 24
48 20
33 30
30 43
36 24
6 24
13 28
11 29
5 16
6 37
35 15
14 34
47 45
27 34
19 33
9 5
34 5
38 46
32 47
29 7
27 15
32 37
12 30
33 40
15 3
9 34
47 43
40 36
15 13
49 4
6 29
12 34
44 35
13 27
23 26
8 7
16 23
10 41
47 19
26 45
13 16
6 7
17 30
10 31
8 34
7 17
40 2
15 38
21 42
34 35
8 15
28 44
7 4
44 4
43 31
33 34
22 5
22 29
35 1
23 42
5 24
12 42
11 7
5 3
26 48
34 45
29 5
12 14
40 35
43 25
36 17
34 4
38 31
33 1
7 16
26 31
21 39
46 11
7 5
36 38
4 24
20 38
25 35
27 29
30 13
7 1
2 42
33 6
16 4
39 23
21 16
16 11
27 26
23 32
32 41
44 27
36 6
35 9
42 39
33 17
30 16
9 45
47 10
36 43
5 36
9 41
42 9
5 25
30 40
34 13
3 33
49 3
8 43
45 18
29 24