3
10 110
2
1 1
30 50
10 110
2
1 1
50 30
2
10 3
20 4

116 7265
19
13354 4775
8325 5852
49924 4160
17783 259
37594 1225
37866 1013
17047 1477
39063 4400
32629 3216
4919 1330
21084 5898
11099 4623
21258 3896
8058 3194
20481 861
29295 855
26720 716
28603 619
13626 782
840 1022
42
14169 1794
19791 279
18556 744
14779 569
3202 704
9589 3332
26009 4964
39361 1543
27828 3493
29578 4820
39532 911
45984 2156
8277 1416
26839 3025
30291 4313
38170 523
23339 10
20473 3916
27732 4042
28541 94
43747 3997
5236 82
38138 5126
31180 3452
46318 5205
23009 201
7151 3517
24370 1806
9368 861
6859 1508
33068 1973
16822 5164
19339 2034
31003 1938
5249 2131
44355 4705
30376 3864
35103 4451
44186 295
33533 856
43390 4741
9055 4703
5 10000
100
2714 66
313 43
1076 11
1552 61
2928 92
4941 17
1734 86
3533 28
1176 89
3094 20
4544 43
952 100
1360 67
3126 57
2977 87
4668 46
2575 67
3084 32
4765 10
1268 31
3893 3
2609 45
3587 48
402 88
2243 74
638 30
3608 46
1144 75
4310 86
4868 87
426 70
3594 64
1457 57
2739 50
4966 47
1817 85
4808 33
4628 99
3155 19
2482 19
4526 16
1862 57
237 79
1525 63
319 77
1501 31
1411 22
535 6
1590 5
838 64
1032 66
4288 28
2921 74
3773 99
2518 2
4790 37
3480 27
647 96
2431 94
392 47
4010 94
2272 81
3042 67
2403 54
1120 33
815 89
2916 96
3561 28
4160 83
1925 13
2124 78
597 89
3243 48
513 22
4326 88
3672 53
919 24
2230 16
3569 75
4367 92
174 100
4044 2
633 36
2771 29
1437 38
1139 64
253 73
1968 64
470 14
4619 4
2354 4
14 3
798 44
2135 5
4070 28
2619 46
1400 83
1005 28
4798 34
3847 39
5091 8018
