5
90 3
30886 -7223
-63085 47793
-61665 -14614
60492 16649
-58579 -97638
-9973 68690
20059 -2237
13926 80540
83426 -10828
-44264 -94789
95368 2567
56429 -34218
-78470 22862
-34877 74067
3135 13929
79802 -65978
23058 33069
-1833 61393
-81544 75011
-21958 76229
77373 -15579
44919 -86216
-1463 75198
94324 98315
-35630 66413
-96474 76091
-31020 59956
-58127 -93138
99170 6996
-2719 2305
-79075 -22916
36327 -39664
26505 50846
-78271 -38687
25857 -83876
53895 -80418
545 -1186
-66633 15434
90364 44043
13750 71087
-73192 17276
47178 -4212
93584 5403
2651 92754
-87601 99932
-4940 49676
93368 47739
-89988 -63774
-1414 48094
-2461 40795
-19430 -48566
60378 -2533
-33399 10097
-87098 73317
70492 26652
-39244 97301
60280 24286
-90559 53865
-70311 -71556
46619 58440
44729 58031
8117 38097
5771 -65519
-9325 20709
-1073 4567
77856 79497
-27647 -45414
-23035 -44694
64683 -93781
-71376 -48472
32871 -94268
-51171 -90497
30019 -41730
63368 59708
-13285 -73660
18149 47796
723 42618
-97755 22846
-6549 -7079
-56445 92379
97488 37764
-11772 -30159
92350 65193
-58500 57034
-12236 -29876
24914 36987
-24144 73743
46491 22227
48365 9859
-18064 51432

90 1
16437 -772
53275 75407
1474 -23879
-31142 94395
-63971 -38763
8235 73793
-34182 -5572
66143 -68989
35928 -60471
18776 22404
64443 -44237
14613 -45462
18606 -63160
-97096 44818
-64872 -29312
97369 -32083
69917 -33004
-56676 87743
-40530 12183
-1510 -4501
-10228 -93275
85644 55590
-82495 -31861
2954 -30214
7669 38082
8542 88464
10197 39507
59355 -71196
76348 -21389
73622 27828
49299 -12657
95746 -64432
54340 55422
-76689 -86190
-32395 21801
-74339 -26270
-55122 -88695
-70680 78736
-20556 -51374
-51478 3465
86708 -26584
-91718 -86742
-87076 67637
-57938 5624
62600 32036
-66548 11899
-80621 45550
47468 -9929
973 -12869
3881 -15070
-91067 -54106
58660 70163
-42801 87981
48899 -47004
52959 13773
-27187 39668
87190 -18905
52926 16466
65084 11340
-77910 27684
-56624 -44458
55936 79107
17445 -80244
-30821 -81582
6887 -10588
3348 -67828
-48341 -37991
-97664 -74790
66342 -32413
-21794 19301
-2287 -32628
75321 -98745
-35181 -55401
17721 -70096
55939 39811
-26060 15667
11705 46228
-88873 -70850
65984 96658
63920 89224
-97578 -32731
-78604 -45919
-54370 40084
-20708 -88028
-92328 -26150
-52375 5385
41222 39299
6640 -93958
83898 40713
52298 -43810

90 4
42590 -11791
8581 -11181
-664 37732
71155 -4006
-81996 60379
-85231 -14727
81776 -31150
-52745 21860
48142 75579
-54116 -78007
-76795 -32379
-20433 62504
-9387 -98039
-37246 -68674
54259 18944
-71798 -86798
23506 36784
2021 -77158
90868 89528
-64811 -91128
49908 -50042
-89502 -51964
18808 -42247
-13752 83303
-66667 32133
21648 72890
99754 17567
-48254 -9632
19529 14500
-61954 -26212
49797 -33751
-13010 -26697
-96967 5363
-87503 10253
-5108 -52314
19125 61152
-86004 -54025
-90812 -50843
3729 -4564
-67540 -46586
43921 -29540
-73696 -39972
88027 -21950
-33252 7556
8902 4794
-2303 -41301
71043 1039
32002 -9572
-93597 44500
-99319 -82353
8538 -63841
-4849 22535
-17866 4339
71692 2215
16127 20504
55629 -39951
90964 -1715
-63571 -4657
76335 3177
-97100 -14762
-92029 -83051
-39711 -4633
17988 92292
85795 -59257
-46856 2829
-41610 61682
-44660 53541
-99431 -46174
74232 72261
56042 -9640
-90883 -71977
-33239 -99919
26309 3190
-4575 -81004
-93633 -85323
4234 30690
-68374 64524
-73943 49614
-26832 28205
90358 26312
47386 65100
-95654 -97274
-65006 -95084
-43448 25578
-6471 28946
32290 2647
56970 99051
-80920 99631
-81407 -69143
-81373 41312

90 6
-60786 88355
93512 20090
-85588 -40521
9610 -41031
66189 52274
-93645 -52359
56620 25433
98987 -22112
-1662 24566
-12230 -72716
-43144 90417
606 72260
25849 237
7205 -26941
-64783 -51482
-65055 90783
-63127 -71542
10873 67637
-95711 -79517
-73393 70478
72757 49314
34471 -54271
91100 33459
23618 -10562
-41975 -88612
-66926 -68767
18157 33681
-96507 60358
50270 10699
-66583 1839
-24431 -31637
-7378 -71206
-86827 19847
96431 -82538
-43318 39390
4292 45791
-94943 55115
91521 96157
-11426 -68509
-98053 -37049
59231 -64979
-89463 93740
-14946 -85970
54098 -64675
-58919 87516
-46484 -66998
72231 46139
-38204 85404
82338 74580
19218 -60979
13970 39862
84812 -64621
-5023 -7315
-68464 -96
24176 -66517
-20793 99759
84857 -10256
93499 -30089
-79873 -36050
5236 77560
67818 -24895
-89437 40049
-78756 88711
-58195 19934
63291 -22625
58955 93614
33589 43768
-71007 44918
52805 76882
-55178 -23018
26717 24030
93093 11574
30126 86593
81486 50253
-49457 -96926
27814 34713
-21821 38377
-25238 -84225
27088 -67081
35710 -93268
10294 -88983
-99654 60235
-28863 45691
5153 -76057
22573 -33672
925 -50709
6710 -5982
-22783 -63164
96963 75055
87090 63858

90 0
14904 -1429
72661 69633
-10315 4789
-86927 22604
56851 -80195
49250 67868
36503 9485
-60994 -17805
-85361 -37051
21120 -19033
-19774 -13237
87677 -9404
63981 40865
-12440 39036
27955 67770
-66482 59211
-33658 22532
-54804 -27621
-72679 -41730
94984 84172
94427 44234
52040 -52717
70072 7398
-54170 1063
70347 66950
82030 -49427
-46286 -13941
-42478 34047
-73076 45082
89435 -28768
-70796 -77046
-69557 -88102
45486 -24360
-15722 -10841
-49738 -20738
89683 61041
39848 41723
-91676 -73728
-50878 -45846
27335 35821
37457 9365
2747 91171
11776 60269
25218 38701
-78297 14653
-90067 -49093
-46041 56728
-37194 15797
48720 47084
21308 15334
42698 10991
-23624 98898
-47285 -98948
-74829 -81811
71559 52506
54010 9016
78224 73109
-83461 -10000
33378 -41891
45053 55081
-10886 -28662
-94011 -40574
-71933 85147
75223 76787
32231 -3468
-7878 91281
23875 -15150
90179 76590
-97746 -84650
11131 73813
67857 81494
99181 46081
54603 -84280
52433 -12018
90181 -2513
59415 -20704
68825 65404
38722 96892
50551 -69703
-9968 99134
-56819 -1494
90415 67057
-292 80595
-40001 1962
12297 -12517
-24224 -19846
-31023 91309
42587 39932
23382 -4979
44266 13563

